798 Iudex. ’

5515151155617-633.55151555.511151555155555551.351. 11551
51 5555, 0 Μ5115ιι 633, 634. 5155155515 35011515516115,
051555 Β5511155115555 1, 354. 0, 5155151511 11155151.. 11. 570.
1505151551515515. 05555155555555551.330,
0555515555555515551,356 5, 0515551115 05555115 oblongum. 333.
35650515 155151 1,108, ,
055ι51ι51555551. 3565.
05151ιί51. 413, 484. 0. 1551511555 1, 503.
0. Μ515115511811155 484. 055555515511 .716, 717.
Cory lus 1. 531. 11515155 5515555151. 35,
0151515ιί5 51151151. 339. 0555155151555 15. 1115555515 5551. 333.
0,,51551556551555 15. 0. 1711155 338. 0. 111555551555 555ι5155 1. 333, 11. 55511115·
5555 5 555 ib.
0555551115511,570.0.(1511115551115.511555 1. 381. E. 05ι1511 373-380. Ε.
055555155 L. 11, 570. 1151155551363-370. 085111515511511380
05551511155551, 337, 3565, -381, Ε. 8511555111 371-373.
055ι555155511.567, 11151551515551334.
05ὣῖ5115511. 568, 0.1155555151111568, Lagonia capitenata 1. 335. 1155555155 336.
5551551115.
0551555555. 11, 568, 055551551151155 55155511γῦ555 139511.
Cyclas 55155511.699.55155115. .
0515555 hortu. 709.
055555555155Μ5ι1555.11.699..
05555551,154,0,5ι115554,0555515515551555111,’337.

cypris IL 703. Pagus l. 533.
11151111, 36.

1051515ςί5 1151111555 1, 333.

1155515ᾱί551 5515505155 l. 331. 11, 55115551- 111555115 15555 1334,

um 333, 11155555151515. 1117511511
1. 1117155111 15,

1155 ’1115 1755111111 551555 11, 637 0515111, 1551111151λί5 erl. 394
-67, 5111οά551155 637, 638, Λ55151511 0515111511 5155- 5-1151551, 395,
638-643051 515515551555551511511 0555115 55515 515155, 5511151151. 137. 055·
511 5510551151· 643-645,111115115115115-5115Ν, v ugil. 131.
5515555555 1145115151 5515515511 515- 0555655 5515515115 1. 137. G. 5111115515
15151 de 15 ponte 645-648, 1115511151 15.(1555115555136. G 0555511135,
traces 115 de'ooloppement [5151 51 du 15511· 140. 0.51115511515515135,135,136. G.
5515551 5551555555 650-660, 71555- 51155151,133,135,0.11151·1515515131
[5115511551 5555511551 551 saperent 115111 15 G 1555515155 5555511551 137,
51151151 sam 5515155 1555515151, 1151111551 0111155515 5151111155 1334.
55515155 phalas 51155115 555555ιί1551 0115501551, 35.
660-671, L’embryon 55 1511551111 11555- 0155155115515 5551551515151. 355.

51551ιέ [5151 673-673. 0555151515 0155155 1551115 l. 330. ’
6 0555555555 1115551551 11. 619.

0155155511111, 570 0555555115 35555515551356 5, .

010551555551. 333, 0555555555551515111511551511, 710011-

01511551, 3, 10 515709.

1115 5555551. 344, 01551155 515151. 343. Gr. con'g 5515 344.

01555555 17511155 1, 3411155551 51 Le 0115155551. 4130 115515511 485.
5555555101 345. 055551 5511555115 1. 1.,0 5515555 15.

01515ι55515555 1334055555111151111. 570.

015155551555 1151151334. 11151515115515. 0515155515551555511309.

 

